Note: Unnecessary use of -X or --request, POST is already inferred.
* Host localhost:5059 was resolved.
* IPv6: ::1
* IPv4: 127.0.0.1
  % Total    % Received % Xferd  Average Speed   Time    Time     Time  Current
                                 Dload  Upload   Total   Spent    Left  Speed
  0     0    0     0    0     0      0      0 --:--:-- --:--:-- --:--:--     0*   Trying [::1]:5059...
* Established connection to localhost (::1 port 5059) from ::1 port 3027 
* using HTTP/1.x
> POST /api/reports/statistics/pdf HTTP/1.1
> Host: localhost:5059
> User-Agent: curl/8.16.0
> Accept: */*
> Content-Type: application/json
> Content-Length: 385
> 
} [385 bytes data]
* upload completely sent off: 385 bytes
100   385    0     0  100   385      0    313  0:00:01  0:00:01 --:--:--   313100   385    0     0  100   385      0    171  0:00:02  0:00:02 --:--:--   171100   385    0     0  100   385      0    118  0:00:03  0:00:03 --:--:--   118100   385    0     0  100   385      0     90  0:00:04  0:00:04 --:--:--    90100   385    0     0  100   385      0     72  0:00:05  0:00:05 --:--:--    72100   385    0     0  100   385      0     61  0:00:06  0:00:06 --:--:--     0100   385    0     0  100   385      0     52  0:00:07  0:00:07 --:--:--     0100   385    0     0  100   385      0     46  0:00:08  0:00:08 --:--:--     0100   385    0     0  100   385      0     41  0:00:09  0:00:09 --:--:--     0100   385    0     0  100   385      0     37  0:00:10  0:00:10 --:--:--     0100   385    0     0  100   385      0     33  0:00:11  0:00:11 --:--:--     0100   385    0     0  100   385      0     31  0:00:12  0:00:12 --:--:--     0100   385    0     0  100   385      0     28  0:00:13  0:00:13 --:--:--     0100   385    0     0  100   385      0     26  0:00:14  0:00:14 --:--:--     0100   385    0     0  100   385      0     25  0:00:15  0:00:15 --:--:--     0100   385    0     0  100   385      0     23  0:00:16  0:00:16 --:--:--     0100   385    0     0  100   385      0     22  0:00:17  0:00:17 --:--:--     0100   385    0     0  100   385      0     20  0:00:19  0:00:18  0:00:01     0100   385    0     0  100   385      0     19  0:00:20  0:00:19  0:00:01     0100   385    0     0  100   385      0     18  0:00:21  0:00:20  0:00:01     0100   385    0     0  100   385      0     17  0:00:22  0:00:21  0:00:01     0100   385    0     0  100   385      0     17  0:00:22  0:00:22 --:--:--     0100   385    0     0  100   385      0     16  0:00:24  0:00:23  0:00:01     0100   385    0     0  100   385      0     15  0:00:25  0:00:24  0:00:01     0100   385    0     0  100   385      0     15  0:00:25  0:00:25 --:--:--     0100   385    0     0  100   385      0     14  0:00:27  0:00:26  0:00:01     0100   385    0     0  100   385      0     13  0:00:29  0:00:27  0:00:02     0100   385    0     0  100   385      0     13  0:00:29  0:00:28  0:00:01     0100   385    0     0  100   385      0     13  0:00:29  0:00:29 --:--:--     0100   385    0     0  100   385      0     12  0:00:32  0:00:30  0:00:02     0100   385    0     0  100   385      0     12  0:00:32  0:00:31  0:00:01     0100   385    0     0  100   385      0     11  0:00:35  0:00:32  0:00:03     0100   385    0     0  100   385      0     11  0:00:35  0:00:33  0:00:02     0100   385    0     0  100   385      0     11  0:00:35  0:00:34  0:00:01     0100   385    0     0  100   385      0     10  0:00:38  0:00:35  0:00:03     0100   385    0     0  100   385      0     10  0:00:38  0:00:36  0:00:02     0100   385    0     0  100   385      0     10  0:00:38  0:00:37  0:00:01     0100   385    0     0  100   385      0      9  0:00:42  0:00:38  0:00:04     0100   385    0     0  100   385      0      9  0:00:42  0:00:39  0:00:03     0100   385    0     0  100   385      0      9  0:00:42  0:00:40  0:00:02     0100   385    0     0  100   385      0      9  0:00:42  0:00:41  0:00:01     0100   385    0     0  100   385      0      9  0:00:42  0:00:42 --:--:--     0100   385    0     0  100   385      0      8  0:00:48  0:00:43  0:00:05     0100   385    0     0  100   385      0      8  0:00:48  0:00:44  0:00:04     0100   385    0     0  100   385      0      8  0:00:48  0:00:45  0:00:03     0100   385    0     0  100   385      0      8  0:00:48  0:00:46  0:00:02     0100   385    0     0  100   385      0      8  0:00:48  0:00:47  0:00:01     0100   385    0     0  100   385      0      7  0:00:55  0:00:48  0:00:07     0100   385    0     0  100   385      0      7  0:00:55  0:00:49  0:00:06     0100   385    0     0  100   385      0      7  0:00:55  0:00:50  0:00:05     0100   385    0     0  100   385      0      7  0:00:55  0:00:51  0:00:04     0100   385    0     0  100   385      0      7  0:00:55  0:00:52  0:00:03     0100   385    0     0  100   385      0      7  0:00:55  0:00:53  0:00:02     0100   385    0     0  100   385      0      7  0:00:55  0:00:54  0:00:01     0100   385    0     0  100   385      0      6  0:01:04  0:00:55  0:00:09     0100   385    0     0  100   385      0      6  0:01:04  0:00:56  0:00:08     0100   385    0     0  100   385      0      6  0:01:04  0:00:57  0:00:07     0100   385    0     0  100   385      0      6  0:01:04  0:00:58  0:00:06     0100   385    0     0  100   385      0      6  0:01:04  0:00:59  0:00:05     0100   385    0     0  100   385      0      6  0:01:04  0:01:00  0:00:04     0100   385    0     0  100   385      0      6  0:01:04  0:01:01  0:00:03     0100   385    0     0  100   385      0      6  0:01:04  0:01:02  0:00:02     0100   385    0     0  100   385      0      6  0:01:04  0:01:03  0:00:01     0100   385    0     0  100   385      0      5  0:01:17  0:01:04  0:00:13     0100   385    0     0  100   385      0      5  0:01:17  0:01:05  0:00:12     0100   385    0     0  100   385      0      5  0:01:17  0:01:06  0:00:11     0100   385    0     0  100   385      0      5  0:01:17  0:01:07  0:00:10     0100   385    0     0  100   385      0      5  0:01:17  0:01:08  0:00:09     0100   385    0     0  100   385      0      5  0:01:17  0:01:09  0:00:08     0100   385    0     0  100   385      0      5  0:01:17  0:01:10  0:00:07     0100   385    0     0  100   385      0      5  0:01:17  0:01:11  0:00:06     0100   385    0     0  100   385      0      5  0:01:17  0:01:12  0:00:05     0100   385    0     0  100   385      0      5  0:01:17  0:01:13  0:00:04     0100   385    0     0  100   385      0      5  0:01:17  0:01:14  0:00:03     0100   385    0     0  100   385      0      5  0:01:17  0:01:16  0:00:01     0100   385    0     0  100   385      0      4  0:01:36  0:01:17  0:00:19     0100   385    0     0  100   385      0      4  0:01:36  0:01:18  0:00:18     0100   385    0     0  100   385      0      4  0:01:36  0:01:19  0:00:17     0100   385    0     0  100   385      0      4  0:01:36  0:01:20  0:00:16     0100   385    0     0  100   385      0      4  0:01:36  0:01:21  0:00:15     0100   385    0     0  100   385      0      4  0:01:36  0:01:22  0:00:14     0100   385    0     0  100   385      0      4  0:01:36  0:01:23  0:00:13     0100   385    0     0  100   385      0      4  0:01:36  0:01:24  0:00:12     0100   385    0     0  100   385      0      4  0:01:36  0:01:25  0:00:11     0100   385    0     0  100   385      0      4  0:01:36  0:01:26  0:00:10     0100   385    0     0  100   385      0      4  0:01:36  0:01:27  0:00:09     0100   385    0     0  100   385      0      4  0:01:36  0:01:28  0:00:08     0100   385    0     0  100   385      0      4  0:01:36  0:01:29  0:00:07     0100   385    0     0  100   385      0      4  0:01:36  0:01:30  0:00:06     0100   385    0     0  100   385      0      4  0:01:36  0:01:31  0:00:05     0100   385    0     0  100   385      0      4  0:01:36  0:01:32  0:00:04     0100   385    0     0  100   385      0      4  0:01:36  0:01:33  0:00:03     0100   385    0     0  100   385      0      4  0:01:36  0:01:34  0:00:02     0100   385    0     0  100   385      0      4  0:01:36  0:01:35  0:00:01     0100   385    0     0  100   385      0      4  0:01:36  0:01:36 --:--:--     0100   385    0     0  100   385      0      3  0:02:08  0:01:37  0:00:31     0100   385    0     0  100   385      0      3  0:02:08  0:01:38  0:00:30     0100   385    0     0  100   385      0      3  0:02:08  0:01:39  0:00:29     0100   385    0     0  100   385      0      3  0:02:08  0:01:40  0:00:28     0100   385    0     0  100   385      0      3  0:02:08  0:01:41  0:00:27     0100   385    0     0  100   385      0      3  0:02:08  0:01:42  0:00:26     0100   385    0     0  100   385      0      3  0:02:08  0:01:43  0:00:25     0100   385    0     0  100   385      0      3  0:02:08  0:01:44  0:00:24     0100   385    0     0  100   385      0      3  0:02:08  0:01:45  0:00:23     0100   385    0     0  100   385      0      3  0:02:08  0:01:46  0:00:22     0100   385    0     0  100   385      0      3  0:02:08  0:01:47  0:00:21     0100   385    0     0  100   385      0      3  0:02:08  0:01:48  0:00:20     0100   385    0     0  100   385      0      3  0:02:08  0:01:49  0:00:19     0100   385    0     0  100   385      0      3  0:02:08  0:01:50  0:00:18     0100   385    0     0  100   385      0      3  0:02:08  0:01:51  0:00:17     0100   385    0     0  100   385      0      3  0:02:08  0:01:52  0:00:16     0100   385    0     0  100   385      0      3  0:02:08  0:01:53  0:00:15     0100   385    0     0  100   385      0      3  0:02:08  0:01:54  0:00:14     0100   385    0     0  100   385      0      3  0:02:08  0:01:55  0:00:13     0100   385    0     0  100   385      0      3  0:02:08  0:01:56  0:00:12     0100   385    0     0  100   385      0      3  0:02:08  0:01:57  0:00:11     0100   385    0     0  100   385      0      3  0:02:08  0:01:58  0:00:10     0100   385    0     0  100   385      0      3  0:02:08  0:01:59  0:00:09     0100   385    0     0  100   385      0      3  0:02:08  0:02:00  0:00:08     0100   385    0     0  100   385      0      3  0:02:08  0:02:01  0:00:07     0100   385    0     0  100   385      0      3  0:02:08  0:02:02  0:00:06     0100   385    0     0  100   385      0      3  0:02:08  0:02:03  0:00:05     0100   385    0     0  100   385      0      3  0:02:08  0:02:04  0:00:04     0100   385    0     0  100   385      0      3  0:02:08  0:02:05  0:00:03     0100   385    0     0  100   385      0      3  0:02:08  0:02:06  0:00:02     0100   385    0     0  100   385      0      3  0:02:08  0:02:07  0:00:01     0100   385    0     0  100   385      0      2  0:03:12  0:02:08  0:01:04     0100   385    0     0  100   385      0      2  0:03:12  0:02:09  0:01:03     0100   385    0     0  100   385      0      2  0:03:12  0:02:10  0:01:02     0100   385    0     0  100   385      0      2  0:03:12  0:02:11  0:01:01     0100   385    0     0  100   385      0      2  0:03:12  0:02:12  0:01:00     0100   385    0     0  100   385      0      2  0:03:12  0:02:13  0:00:59     0100   385    0     0  100   385      0      2  0:03:12  0:02:14  0:00:58     0100   385    0     0  100   385      0      2  0:03:12  0:02:15  0:00:57     0100   385    0     0  100   385      0      2  0:03:12  0:02:16  0:00:56     0100   385    0     0  100   385      0      2  0:03:12  0:02:17  0:00:55     0100   385    0     0  100   385      0      2  0:03:12  0:02:18  0:00:54     0100   385    0     0  100   385      0      2  0:03:12  0:02:19  0:00:53     0100   385    0     0  100   385      0      2  0:03:12  0:02:20  0:00:52     0100   385    0     0  100   385      0      2  0:03:12  0:02:21  0:00:51     0100   385    0     0  100   385      0      2  0:03:12  0:02:22  0:00:50     0100   385    0     0  100   385      0      2  0:03:12  0:02:23  0:00:49     0100   385    0     0  100   385      0      2  0:03:12  0:02:24  0:00:48     0100   385    0     0  100   385      0      2  0:03:12  0:02:25  0:00:47     0100   385    0     0  100   385      0      2  0:03:12  0:02:26  0:00:46     0100   385    0     0  100   385      0      2  0:03:12  0:02:27  0:00:45     0100   385    0     0  100   385      0      2  0:03:12  0:02:28  0:00:44     0100   385    0     0  100   385      0      2  0:03:12  0:02:29  0:00:43     0100   385    0     0  100   385      0      2  0:03:12  0:02:30  0:00:42     0100   385    0     0  100   385      0      2  0:03:12  0:02:31  0:00:41     0100   385    0     0  100   385      0      2  0:03:12  0:02:32  0:00:40     0100   385    0     0  100   385      0      2  0:03:12  0:02:33  0:00:39     0100   385    0     0  100   385      0      2  0:03:12  0:02:34  0:00:38     0100   385    0     0  100   385      0      2  0:03:12  0:02:35  0:00:37     0100   385    0     0  100   385      0      2  0:03:12  0:02:36  0:00:36     0100   385    0     0  100   385      0      2  0:03:12  0:02:37  0:00:35     0100   385    0     0  100   385      0      2  0:03:12  0:02:38  0:00:34     0100   385    0     0  100   385      0      2  0:03:12  0:02:39  0:00:33     0100   385    0     0  100   385      0      2  0:03:12  0:02:40  0:00:32     0100   385    0     0  100   385      0      2  0:03:12  0:02:41  0:00:31     0100   385    0     0  100   385      0      2  0:03:12  0:02:42  0:00:30     0100   385    0     0  100   385      0      2  0:03:12  0:02:43  0:00:29     0100   385    0     0  100   385      0      2  0:03:12  0:02:44  0:00:28     0100   385    0     0  100   385      0      2  0:03:12  0:02:45  0:00:27     0100   385    0     0  100   385      0      2  0:03:12  0:02:46  0:00:26     0100   385    0     0  100   385      0      2  0:03:12  0:02:47  0:00:25     0100   385    0     0  100   385      0      2  0:03:12  0:02:48  0:00:24     0100   385    0     0  100   385      0      2  0:03:12  0:02:49  0:00:23     0100   385    0     0  100   385      0      2  0:03:12  0:02:50  0:00:22     0100   385    0     0  100   385      0      2  0:03:12  0:02:51  0:00:21     0100   385    0     0  100   385      0      2  0:03:12  0:02:53  0:00:19     0100   385    0     0  100   385      0      2  0:03:12  0:02:54  0:00:18     0100   385    0     0  100   385      0      2  0:03:12  0:02:55  0:00:17     0100   385    0     0  100   385      0      2  0:03:12  0:02:56  0:00:16     0100   385    0     0  100   385      0      2  0:03:12  0:02:57  0:00:15     0100   385    0     0  100   385      0      2  0:03:12  0:02:58  0:00:14     0100   385    0     0  100   385      0      2  0:03:12  0:02:59  0:00:13     0100   385    0     0  100   385      0      2  0:03:12  0:03:00  0:00:12     0100   385    0     0  100   385      0      2  0:03:12  0:03:01  0:00:11     0100   385    0     0  100   385      0      2  0:03:12  0:03:02  0:00:10     0100   385    0     0  100   385      0      2  0:03:12  0:03:03  0:00:09     0100   385    0     0  100   385      0      2  0:03:12  0:03:04  0:00:08     0100   385    0     0  100   385      0      2  0:03:12  0:03:05  0:00:07     0100   385    0     0  100   385      0      2  0:03:12  0:03:06  0:00:06     0100   385    0     0  100   385      0      2  0:03:12  0:03:07  0:00:05     0100   385    0     0  100   385      0      2  0:03:12  0:03:08  0:00:04     0100   385    0     0  100   385      0      2  0:03:12  0:03:09  0:00:03     0< HTTP/1.1 500 Internal Server Error
< Content-Type: text/plain; charset=utf-8
< Date: Sat, 10 Jan 2026 11:31:07 GMT
< Server: Kestrel
< Transfer-Encoding: chunked
< 
{ [4641 bytes data]
100  5007    0  4622  100   385     24      2  0:03:12  0:03:10  0:00:02   940100  5007    0  4622  100   385     24      2  0:03:12  0:03:10  0:00:02  1184
* Connection #0 to host localhost:5059 left intact
